% qMA3103400100
% 103
% Divisione e fattorizzazione di polinomi - New 5
